-0.03517780831403442 
-0.04396423833787218 
0.017515469523593803 
0.022109481948548924 
-0.07254349197660043 
-0.018355376163567246 
-0.03616299563340408 
-0.007431217571308122 
0.02188216989428229 
-0.009283892260553286 
-0.02811523201055873 
-0.008443784742139308 
0.014708016899160735 
0.024068495896090523 
-0.05268344174892668 
0.004356427407827573 
-0.022037040993089455 
-0.042085965257275475 
-0.0063292241620651005 
0.015985398105088745 
-0.03723536867185343 
0.03744067940149911 
0.04388268859567305 
0.010052596277451508 
0.024131314979967403 
0.026923891455818392 
-0.06223696719180368 
-0.008765219818416641 
-0.021915179483520845 
0.009139457226986556 
-0.012829200296214966 
0.026706161153609066 
0.0010401522293000233 
0.02602776916940711 
-0.062460293988519246 
0.056735728749181355 
0.021046220440474498 
0.028734561416111862 
-0.014344533713959143 
-0.006286655996365662 
0.030191248341260836 
-0.03284452201415578 
-0.011690557471642887 
0.009335695737819562 
0.0359572102072917 
0.048689111380926006 
-0.0013422884531610084 
0.03738812585257173 
-0.016384759039097835 
0.01396047559732058 
-0.028055724078935983 
0.008485092356519978 
-0.01773262753833745 
0.011194543888904571 
-0.030317498108522894 
0.028998022777313018 
0.009628659573633874 
-0.024718296910189196 
0.04470499379554634 
-0.03626602250617686 
0.02372923188775533 
-0.029519595879247816 
0.026503440290013877 
0.010059706229326644 
0.021965083301272267 
-0.07147918700557916 
0.058082750343231446 
0.006786027883141285 
0.0036006094068126563 
0.018629652598558314 
0.03949720574515315 
0.034901316976416484 
0.006133289247559224 
1.329015345213596E-4 
0.056761595237396135 
-0.002135824296167706 
0.040831502229003586 
-5.480236862850982E-4 
0.001774814989178248 
-0.010255957534044808 
-0.05753480025895009 
-0.0035656967327216045 
0.029892091733246393 
0.02106972994070142 
0.08395899091629752 
-0.013584541034245987 
0.03140509166258669 
-0.030308589286500095 
-0.0012799134028621108 
-0.01084163660249787 
-5.598926008069567E-4 
-0.048958191785361954 
-0.015053670222826948 
-0.06239108433841399 
0.00826322623364883 
-0.031038520464092025 
-0.030445622987538754 
-1.936434968673315E-4 
-0.002967923690551504 
-0.0025468965927990467 
0.0033767781738414594 
-0.03825901258776057 
0.013854475423153151 
-0.03316125703133083 
0.02450672868295002 
0.04041153786372534 
-0.019578079086637903 
-0.02983031923722609 
0.019165938549363902 
0.021159597527449676 
0.03788064564699879 
0.04434229240550933 
0.03346956863978624 
0.024224901473833306 
-0.014236028269194668 
0.024066252646654636 
-0.02867860035606595 
0.006379776117058967 
0.00795044829902866 
-0.05833671357933231 
-0.026774235005264418 
-0.03057798805035202 
-0.009934631547059525 
-0.019655795087502616 
0.0568472207447686 
-0.006920472757723438 
0.030025879378657246 
-0.0034666788029450823 
0.003576606351335156 
-0.017598913889610573 
-0.07127445429398302 
-0.04155520479028071 
0.048375849952961514 
0.018388785538561787 
0.013807132861250107 
-0.046049310575866656 
-0.015776276817662273 
-0.04377228741205759 
0.017125833042416796 
0.028482971870987042 
0.014441824097255494 
0.01636977873946859 
-0.018074964317428596 
-0.04683643935121674 
-0.013070087404850684 
0.00724517384088637 
0.01103100149550453 
-0.032721646334139466 
0.07470930031895957 
-0.030623331501633305 
-0.0017650373295224988 
0.004517927437386088 
0.018955070704945523 
0.009178201082449546 
0.05084124042070356 
0.017743852560440056 
-0.003862300372989061 
-0.0012785898790760996 
0.016741653423300508 
0.031218225446658063 
0.04817170823942872 
0.012535354694343494 
-0.002330858954213579 
-0.06976777287206416 
-0.02640274560333558 
-0.06278884934179738 
-0.05473759566767345 
-0.08943402695404366 
-0.008735978880721081 
0.015642346022091396 
-0.005344130540984033 
0.03491249306362884 
0.02773171336634089 
0.037615626406843766 
0.01192166374848374 
0.029141814447722687 
-0.049742246994968944 
0.004295024692035461 
0.02771400927921463 
-0.028090767743638938 
-0.017899434045202233 
0.014757276301662643 
0.0030166861068863095 
0.021532870260066807 
0.04387118212092476 
0.05640045328062752 
0.02246799552391202 
0.03722077509710803 
-0.0074496644905327125 
0.022102561040075745 
-0.02536901474392111 
-0.051636014978502814 
0.003640934676937971 
9.142967125009858E-4 
-0.07155260158491696 
0.006666611699796799 
0.05251411043080218 
-0.05826882039790689 
-0.036737033416995586 
-0.006224159807437149 
-0.03635650250621975 
-0.0078895839369652 
-0.005638938448005743 
0.06283336375330274 
6.353244730203482E-4 
-0.003639603141249788 
0.0011203057592753497 
-0.05557189315878201 
-0.0533731131268085 
-0.024162273047412388 
-0.044420506129347 
-0.004918557824932424 
-0.010945253681028354 
-0.019291902722162177 
0.0013205078457947162 
0.0023267178304248854 
0.029874939755192256 
-0.034071742342418124 
-0.029569080034055922 
-0.005562694737438631 
-0.028348933462709128 
0.0217856423570273 
0.03502958648741832 
-0.02297356898723023 
0.051107381468950996 
-0.0012815183868955889 
0.056523567488894574 
-0.0035311917427931373 
-0.004583407860644486 
0.023812453549410317 
-0.058350462292286936 
0.007068298156374795 
-0.005062262331202251 
-0.016122854216631455 
-0.03488500374266754 
0.04865115287510959 
0.006687706178123885 
-0.008793550638841106 
0.043565553342261566 
-0.02869177855609723 
0.06914809572167752 
0.023926384723816325 
-0.01688351400613495 
-0.006307839219707204 
-0.012990347672689787 
0.02211871536685964 
-0.0394834798413954 
0.006815370969217813 
0.0054506552176949215 
-0.024833885702540557 
-0.0010809294949802185 
0.07162696031316365 
0.016246495051226134 
-0.06772584065487396 
0.022192714164983578 
0.010274844380323072 
-0.04186787093780881 
-0.03409202358461525 
-0.043382362107910875 
-0.04661700681082941 
-0.05215718315860586 
-0.02883128308543943 
0.06483017033269921 
-7.204513166827906E-4 
-0.024438402938967402 
-0.030800448776410763 
0.07184971956250734 
0.022807652006387895 
0.02440742069573961 
0.007824402481603186 
-0.033041388031014994 
0.0027895175105229417 
0.039771151477711326 
-0.0022518924339997503 
-0.026173671509549423 
0.06497492120556629 
0.028281582224333288 
-0.038522158101339736 
0.019942736502987564 
0.016331414399789742 
-0.045622716102699544 
0.006588180224281653 
0.008331326848456314 
-0.056235642258546825 
-0.009272545640565252 
0.038401066348226265 
-0.03484716545126038 
-4.021849103535026E-4 
0.054533429502192136 
0.006916086699126193 
0.11216374792677952 
0.03070394409904828 
-1.4329353608286632E-4 
0.036478888516676036 
0.04575923941780214 
-0.0282215069159479 
-0.0018198715284284944 
-0.01811250130698065 
0.029124815134275808 
-0.023415262439148574 
-0.026608293160549575 
-0.027178672331954402 
-0.01390347312803741 
0.030338088732379892 
0.0014073317737459652 
0.02549691076496599 
-0.009979751120657814 
-0.004306455795746474 
0.05887586644593156 
0.02278901116829083 
-0.07528334103443507 
-0.01577955584445589 
-0.009095029853154092 
-0.008612192562603755 
0.031095690831858362 
0.021247580558193334 
-0.012477710707660175 
-0.0246995765658084 
0.010201578887576985 
0.07673500329653461 
-0.010747203976792866 
-0.036649604844869274 
-0.017563112183212885 
-0.007028386122512804 
0.0030529258123935124 
0.06411281378717835 
-0.012188912262568114 
-0.016776214789297642 
0.00842675454337063 
0.04883687548548812 
-0.00257017992700676 
0.004197964824150192 
0.015563684243826021 
0.011023399681708738 
-0.03181194813599839 
0.034525401197354325 
-0.004124798346383337 
0.033186682228261544 
0.0076691593613460165 
0.01400726230610612 
-0.006062052668616095 
0.007825147881697705 
-0.02254783531557356 
-0.0344568527176508 
0.019252177060630142 
-0.01971977145244448 
-0.01160000566059101 
-0.04620227238042803 
-0.03759772649929916 
-0.006757289975664231 
0.02641636852947523 
0.03750565823923834 
-0.027235092143715958 
-0.020896225661296227 
0.030886028738655414 
8.276576994831333E-4 
0.011455498552659182 
0.03202523342893112 
-0.05260115520753259 
-0.012385371534107813 
0.02663428947371123 
-0.011416641879676382 
-0.024071927041667558 
-0.03960763601727774 
0.020566411099697486 
0.016170963295969506 
0.031336242312687515 
-0.016017303964954918 
-0.027874107159738277 
-0.023709235360734555 
0.012081466811217268 
0.0184326462547633 
-0.026431658290151556 
0.0026813892879120078 
0.004274407739767502 
0.04501297382267456 
-0.06374630402529581 
0.023673298747128407 
0.00399898686033171 
-0.0025040027876124227 
-0.007009567643651934 
0.038108028001935176 
9.387458669771301E-4 
0.00981327212618149 
-0.04502300933241967 
-0.02633633235378532 
0.013384527031473751 
-0.035249635624892486 
0.01087134271139466 
0.02758587001382502 
0.03692963287149644 
-0.043788565570782284 
0.03234146936795932 
-0.037354396161611944 
0.033844982450185086 
-0.018799097057811704 
0.007552531883244887 
-0.05842997335114118 
0.0025375683920087636 
-0.05942044310814704 
-0.0018559063631607314 
-0.00392642877167076 
-0.027442035282821874 
0.032925773648142934 
-0.008965279179970292 
0.03272260738217924 
0.004927233362416795 
-0.004248664344024852 
-0.024126616813870225 
0.039458110436977584 
0.02666974144471552 
-0.004178902693451519 
0.047112727685117234 
-0.04315989996165924 
-0.04834233713792526 
0.040140770802779877 
0.02090911744855897 
0.001575003058265058 
-0.008669241481608584 
0.037385106888989814 
-0.01351428360717973 
0.011242437487167248 
0.07202476334922475 
0.007334275275711903 
-0.009977004152383236 
0.0015924071435179426 
-0.02194295146297044 
-0.024864633819250855 
-8.835853095647235E-4 
0.03300555165272214 
-0.013697398538885566 
-0.05880295495020366 
-0.05071830815676932 
-0.015862821879848044 
0.02654928355479018 
0.07685436926205387 
-0.025608371648490922 
0.01492641118834639 
0.017337547449193722 
0.04765925162818126 
0.018530574234882625 
0.08258837657923289 
-0.02741149870115052 
0.010399786923936978 
-0.030823951806712935 
0.028273235346638535 
0.05377676062844169 
0.009747345232430437 
-0.0016752821278642723 
0.0282384773987476 
0.04533410833116555 
-0.002466790410308635 
-0.012928303829540331 
0.03737640166314299 
0.02238298564986766 
0.025568615002641713 
0.041100037194002424 
-0.0144507320578558 
0.014740818791503503 
-0.007726447734215667 
-0.004798900343997913 
0.00554282227573817 
0.03926839827382907 
0.01563399633727486 
0.03227675293863641 
0.031485327681993705 
-0.03029563693953269 
0.05263762120831744 
-0.0030257837055093057 
-0.02610997729088201 
0.005361121838296766 
0.0088901958876275 
0.007439445766621742 
-0.018198523034406753 
-0.04135796324267214 
-0.06939727359912512 
0.03494258582676867 
0.04607240439446727 
0.017773033377661427 
-0.008883151617981888 
-0.05176472509788246 
-0.01840509933645812 
0.03394219917142915 
-0.030922728236725587 
-0.011432918288431081 
-0.01350804046938356 
5.651566418054651E-4 
-0.038231139599437795 
-0.006819443155165251 
0.05563710998855839 
-0.019146202440225094 
-0.09310618635987278 
-0.023155871043160997 
-0.016280300692839266 
-0.002735523727438026 
0.009454880626587637 
0.0018110462971798727 
0.04688939117408561 
-0.047474180802443165 
0.02693996807387031 
0.013524655806876703 
0.016321494991243576 
-0.011613999254133525 
0.053562359321362725 
0.009689634169224234 
0.03646019638929896 
-0.018449472083108567 
9.843597447958077E-4 
0.020995744915633496 
0.009520717611112135 
0.027440114413136978 
-0.048685804309502 
0.007958870977572108 
-0.0014942296030343257 
0.01645286107935675 
-0.008721190440036693 
-0.03875619479121056 
0.014665280661575948 
9.639319616040986E-4 
-0.012417305932759337 
-0.0503682760685933 
0.014649873180002588 
-0.02058011921875256 
-0.021983731847357815 
-0.04267598872703685 
0.038367676309610806 
0.020800762091354494 
0.028485101038881088 
-0.016479820284022263 
-0.021266333216202565 
-0.0670085203165898 
0.02209500709186544 
0.0033998430406790626 
-0.0025971618416091237 
-0.04126482798277754 
0.030724441420891074 
0.012238886979642382 
0.005528777146416433 
-0.045353567437942 
0.015072092054933305 
0.045192670999474195 
0.026331181247901837 
-0.005981981031852563 
0.015371719815399002 
-0.009078146186408214 
0.024609379201090027 
-0.007355121989779169 
0.008466986098599959 
0.025235702867945898 
0.01795138832914101 
0.055463172629389816 
0.005372292482286821 
0.019255889873126833 
0.037544758170736395 
-0.05231460516260282 
-0.04207998576853453 
-0.002989426447975713 
-0.02593216762311636 
-0.006746581791340542 
0.010867855779336391 
0.05826932769379133 
0.006647486231469929 
0.028853457505631886 
0.003824360785030069 
-0.010453953624440758 
0.021842239900662412 
0.05418709408778603 
0.015406734286903215 
0.021187054478633158 
-0.019998011819410022 
0.022388107647324414 
-0.00933499331807796 
-0.029594728328167234 
0.02360776108350395 
0.020558148069598887 
-0.031234635704547844 
-0.01110132365890235 
-0.019168455444420366 
-0.021700911642088122 
0.03548741887058609 
0.033319084464012605 
-0.04659515717967922 
0.03196559884190387 
0.022364537793566196 
0.01360808635659631 
0.03708299576369355 
0.015180435331672439 
-0.0323686948075166 
0.011692427198562283 
0.02542838187250987 
-0.023076639246739042 
-0.008378220217040993 
0.00944943311174683 
-0.07841737096707775 
-0.001114522621435897 
-0.006893918821907149 
0.019609302280908538 
-0.016471978460395838 
0.016209613652432252 
-0.009445549640266481 
0.0036200401265489473 
0.07535747764455239 
0.006507304257223245 
0.006788537094475301 
0.06783666035603936 
-0.024569554855197677 
-0.011149169550088324 
-0.018905423541195534 
-0.014044900304854852 
0.024000334968087057 
0.030110085395313724 
-0.025045651107837172 
-0.029395257286360346 
-0.02397607937458256 
-0.01975645007289929 
0.009163879378971205 
0.08969646427477355 
0.012405753386495886 
0.03159183901723675 
0.02550069814974687 
0.06071811270895473 
-0.02589995987496019 
-0.02048369462356056 
0.020083624921901126 
-0.05358354586945085 
-0.008129317612735576 
0.03968857302937807 
0.009241683341862398 
5.6570172804713805E-5 
-0.021089958945850733 
-0.019848882911722262 
-0.07173531184259316 
-0.09239928928522721 
-0.04685522900895174 
0.021595264057122095 
-0.0063519594803666405 
-0.02415566743169015 
-0.02346005615878786 
-0.03226031246969618 
0.03307803260887056 
7.876244097577433E-4 
-0.011785419431217034 
-0.009107220612904214 
-0.026620326636169003 
0.02096072379848497 
-0.009860549381264272 
0.037809797852621105 
-0.008398840369028696 
-0.005321125066105179 
-0.008920520356558803 
0.01608694542603455 
0.03899645994460152 
0.019516017065916495 
-0.018798319055935587 
0.04164392864792067 
0.04163517515334786 
-0.007118983287018858 
0.00315636367376169 
0.037128510155742256 
-0.021024456799798585 
0.022059848925099112 
0.046752676163034274 
-0.028924794839873744 
-0.010219820377643556 
-0.08147822833770103 
-0.016663738649309784 
0.00862736519683133 
0.016110512277006276 
0.008219534180853753 
-0.007064651357127619 
0.04683057706560842 
-0.019255755263631734 
-0.024480725259757575 
-0.003725052219157455 
0.015831273700346708 
0.002011472923495577 
-0.024255269970055927 
-0.0053174156392197715 
0.020775732127674786 
0.006953409413670794 
-0.01305017788429562 
0.013619095623656775 
0.025486033406831983 
-0.01794981620810111 
0.016922112909960044 
-0.025626703606479628 
0.06250056682629412 
-0.04328354590094618 
0.05208105862749489 
0.03176535306278509 
-0.0028266735123717505 
0.03177319406773017 
-0.00758513081234787 
0.014545792871914634 
0.023812904876981587 
-8.65085628975646E-4 
-0.05631823127400007 
0.00431293220903159 
-0.010784093551971179 
0.02670286894252126 
0.001931376965159499 
-7.830877738357045E-4 
-0.035714521074851666 
0.020670989414145295 
0.005139340814764724 
0.004684332389726594 
0.011399567757189925 
0.031324525499196815 
-0.0064918137815554704 
0.012943216325214483 
0.02408710019913748 
0.012408162311704331 
-0.02419850696640455 
0.0019160789931313724 
-0.02835791077836379 
0.028232529501162198 
-0.029163863950487694 
-0.02002930995452439 
0.0054283810255294496 
-0.021031967771455072 
-0.03137813476707762 
0.002669770839791792 
-0.0027885398512256963 
-0.0060821842507654674 
-0.04579016959586487 
0.006980508856529167 
0.036408838837214026 
0.01823753629898351 
0.049430111602106135 
-0.019883505648867414 
4.404576550883507E-4 
0.03509948899985029 
-0.02370380980071058 
-0.03441791235132737 
0.028666535840241963 
-0.03739083574841922 
0.002703776388561218 
0.04480593805830378 
-0.0355012532086357 
0.03615077144304357 
-0.001938995173229051 
0.046790377446834265 
-0.010909087581535448 
-0.017359690168584786 
0.033256594741372304 
0.051558670933337936 
0.007630028771752053 
0.016065993714142062 
-0.011202278336593232 
0.017708339779962192 
0.026144018860255757 
-0.03443766977768772 
0.0041685905260538895 
-0.01904615844370492 
0.033422087752759885 
0.0110367062410462 
0.019764377905417303 
0.02086189908983544 
-0.08325279106612485 
0.04153476055236953 
-0.04815701195392322 
-0.07025373099913605 
-0.048328559380190365 
-0.021115224112629644 
-0.04017292215632629 
-0.02686708543934048 
-0.04434467748922589 
0.01593284538051381 
-0.03168258341030804 
0.006362329442691946 
-0.021300412081495797 
-0.017062116548101976 
-0.01888114296670425 
-0.006995141328084192 
0.01966357992381326 
0.025026394572947492 
-0.05138734401621462 
-0.019782922559708857 
0.01353710421252162 
-0.009345401878615475 
-0.002815893735459545 
0.01969555344974196 
0.008288269306711733 
0.021607997894114498 
0.010073040074504396 
0.0021116187276736726 
0.0023985234641793023 
-0.03545170070890673 
-0.022201993735486848 
-0.008098440600947589 
-0.05599157851132023 
0.05074416452369029 
-0.023624131073409466 
-0.026971892352705043 
0.00632442529565306 
-0.05837126174765926 
0.015686444746392372 
-0.009959977025091786 
-0.06736431607475526 
-0.04740067637767798 
-0.04566050663561105 
0.012062482640545562 
0.05954168217057317 
-0.020138240185918276 
0.004529489123171806 
0.010747152784040226 
-0.002514356330849975 
-0.013119039356132586 
0.016942855383623723 
-0.024131188204904088 
0.003924981522300785 
-6.706292198235262E-5 
-0.013651195832730037 
-0.06900644861579161 
-0.003965962305051186 
0.017770298815279303 
-0.03900597746583139 
0.03204312789314134 
-0.05768602388266815 
0.018848117138175365 
0.0443306561869667 
-0.1087749036430488 
-0.022745615646528494 
0.07012512718051048 
0.028395470009847965 
-0.05495868158161602 
0.026618353093768435 
-0.0056833219264320585 
-0.04931670936670123 
0.034167028332362966 
-0.014468511840256857 
-0.05872810724323173 
0.04685699825174023 
-0.02998926782854666 
-0.04059407050032795 
-0.06060850175516658 
0.00963240168472485 
-0.016353816305682507 
0.02182867796445329 
-0.05065057992546998 
0.017286337675739654 
0.025055139508404944 
0.023395506909474034 
-0.009257826244602514 
0.014646120383394799 
0.020450274591586697 
-0.010553046519012083 
0.04312175540131365 
-0.010821482247016848 
-0.009308730299347884 
0.02139239760926612 
0.011730765835642875 
0.06545629378774892 
-0.05193932746798096 
0.007230042297652501 
-0.09069044327884557 
-0.05146745832420084 
0.0124278546049271 
0.08217433774700231 
-0.032101825339125055 
-0.03751091288485684 
-0.019084021923063892 
-0.012332750529311327 
0.03331301902655959 
0.038652252469641206 
0.006541765579227322 
-0.052801605337136154 
0.09213936913169894 
0.00325746989574989 
0.012325181436201002 
0.04644647590347338 
0.011803449597048009 
0.05801235548053938 
-6.715137352451894E-4 
0.031506854185058324 
-0.009659853807354407 
-0.018144243496703 
0.04720693916937748 
0.037087726983520426 
-0.019338244599185955 
-0.016612436763216384 
0.016729553699747896 
0.021613227660710534 
0.05401054621033487 
-0.0250424518449279 
0.029700406763121526 
-0.007295126233200957 
0.008118116465905503 
-0.01990832285150194 
0.0355798429660773 
0.024936878254581615 
-0.0070009938406623414 
-0.012266545729259707 
-0.04676614029469766 
-0.015096211908114185 
-0.012768771069388672 
-0.007220729381016531 
-0.05209835828044749 
-0.04345072902107646 
0.010262877873402984 
0.031271989865449365 
-0.0315040793681697 
-0.018118812276766334 
0.04810844535025279 
0.01267865509381183 
0.009820771571067382 
0.01741904886869055 
0.02711209625161734 
0.008431180436627722 
-0.04441942347745029 
0.023007404551733293 
0.04941713329773191 
0.03957715907059361 
-0.012579104915837204 
-0.021453576018718754 
-0.009439680721464854 
0.006331036254839072 
0.014457668197667008 
0.06934401957246603 
0.06452311049688529 
0.004203901280599368 
0.039722136106593704 
0.00816755460927127 
0.018496846841534048 
-0.022719399996053272 
-0.013333850139558567 
-0.019581564139882195 
0.018439673532792432 
0.032952524180501784 
-0.047775147697774197 
0.01603344938111799 
0.017880794254081508 
0.010610834069300018 
-0.02057259772144563 
0.07261031359813998 
0.057082616624337126 
-0.005171292067094493 
-0.001548133967538238 
0.02413195714582373 
-0.01609666169290918 
-0.09598697019124644 
0.07621361908378897 
-0.008721508291718923 
-0.03546960562254954 
-0.02753994506991267 
0.03405928587565291 
0.0028058154228002385 
0.018051867652872793 
0.008814021858438026 
-0.04977742303355782 
0.01150780774656291 
-0.06731021660076687 
-0.025886666669997727 
-0.030187703059598427 
0.008306231190424233 
-0.01392543425864646 
0.041302373954045415 
0.05067597760213262 
-0.007164293579440748 
0.007944649545617485 
-0.04802507314968016 
-0.04371024949123714 
-0.022343216849604497 
0.038901231575424834 
0.06328281516664237 
0.008916633983380941 
-0.04280074079233921 
0.02007885408496607 
-0.0013832818709524819 
0.0352577688150983 
-0.04138930916700643 
-0.054363343053161026 
-0.056549817722849144 
-0.04371259239970293 
-0.056668934396211144 
-0.005827578117403079 
0.010820266170071327 
7.439264529414503E-4 
-0.01966940396864584 
-0.051562211210588946 
-0.03262779369667961 
0.006108945712596269 
0.02625900301262556 
-0.03906776822276496 
0.020232547852105858 
-0.004505873403430762 
0.04896358729442622 
0.0643937664143786 
0.024741970297255052 
-0.038577918962406345 
-0.001452004051535914 
-0.010948136820371815 
-0.00147956563035144 
0.06346998807576817 
-0.004442452529650401 
0.04682968049297051 
0.008878797553915099 
-0.010738438519021462 
-0.043041929169282116 
0.027131713004949657 
0.056765427047828367 
0.015173558938743555 
0.004358878183127185 
0.029284176256817066 
-0.02919486834253102 
-0.013433761459448685 
0.0838907752599021 
0.044157302836425646 
0.04159795907832213 
-0.029519395523563755 
-0.06603260183217555 
-0.01465598314095815 
-0.025791644264857187 
4.604157548742419E-4 
0.009892398610961304 
0.01756081446212586 
0.013046304941521194 
-0.006808238844773811 
-0.02088199648407547 
2.6605854888458767E-5 
-0.018544090554589106 
0.005366068347670076 
0.004782537140066424 
0.006856189931873281 
0.024040092643413127 
0.013479137011503106 
0.0028085781338232163 
0.05321579921941233 
0.03186450225682563 
-0.05627802003944587 
-0.008748250262005347 
0.01618002482044948 
-0.03160207130080455 
0.00822624906801411 
-0.022902236236268702 
0.015205710670437269 
0.001532430370855131 
-0.03473224394223091 
-0.05042922096682296 
-0.0033445689323753558 
-0.07194160829239042 
-0.033241807668384166 
-0.04506826893928699 
-0.007316612727118256 
0.038796330156496174 
-0.0033279535330178888 
0.047323351490737055 
-0.03020172587091446 
-0.04204882445404866 
-0.009562123257302046 
-0.03709577735989462 
0.04052622717087457 
0.0013980378732169874 
-0.002435715757690363 
0.00947210434585254 
-0.023623940711301767 
-0.012762987847019673 
8.071397104611245E-5 
0.021795499781510477 
-0.017074030370359084 
-0.006092062765703838 
-0.03973333863317456 
0.013650153635960536 
0.039005680429645195 
0.00814115344370204 
0.0032490750733320624 
-0.025134988147949205 
-0.016344973263902367 
0.013739393179510543 
0.032488633939872245 
-0.03217622262110275 
0.06484148921108339 
-0.022064075394517508 
0.009864107861704108 
0.003623334012482101 
-0.018786386363836734 
0.04758366279387235 
-0.019167081753994158 
0.037275673480716275 
-0.04403059015239906 
0.01658487923585168 
0.027616166008158898 
0.042344924099493364 
0.02148790766419998 
-0.0029144334065454563 
0.013843231547048572 
-0.019418918115277673 
0.04532879523976617 
-0.004904419253144076 
-0.026361283945656597 
0.03322215021730397 
0.013136555761469238 
0.020549983842515215 
-0.008209890207672882 
-0.0052112557800297905 
0.038913208376183256 
0.04695157140953718 
-0.07027908599150189 
0.010326794266862732 
0.06207018537411483 
-0.005497742256228544 
0.020726609792390466 
-0.07046038795479584 
0.039111370579559414 
-5.244552027843955E-4 
-0.0013596650775599037 
-0.002647371826568164 
0.05601028760174856 
0.003131287426534584 
-0.05495069233115154 
-0.011695247791145348 
-0.004112948280607305 
0.001191321405298287 
0.0043977397725211585 
-0.0042067648059282555 
-0.01897964327731453 
0.023576378919262633 
0.0659840015232193 
-0.03128493226538266 
0.0725844751299335 
-0.008644006376758695 
0.005900080827545023 
-0.05192731068530315 
-0.026623085370306446 
0.011223442391961477 
-0.014010680501958691 
0.0361706448376293 
-0.03288841746278121 
0.03068482658908428 
0.03016615267870168 
0.019872874877706642 
0.04083532436749095 
-0.012079890380555068 
0.007307710731184236 
0.020879320781864392 
0.008982456752035402 
-0.004779163326890481 
-0.06813837120355715 
-0.07682888073206712 
0.007908869513912583 
-0.012615161118479932 
-0.013272289220802435 
0.01909173580880195 
0.01040161067219458 
0.013136773876108803 
0.0076846210351152605 
0.012438619621792688 
-0.02221940608726519 
-0.018130552736688354 
0.014974701538337139 
-0.0018416577478982217 
-0.010270202843221315 
0.03665782157154374 
-0.010701103090373374 
0.0314752072792368 
0.0077968691191367765 
-0.018485358334629477 
-0.03650356985144206 
0.045997499558539774 
0.010957194353637354 
-5.927773940930685E-4 
-0.0032895635144120526 
0.029612258723007278 
0.04744149786675138 
-0.09227235330835917 
0.017502245620598534 
0.008839659607263264 
0.01753374236478496 
-0.0023909915304576304 
0.018175067713556318 
0.034989750866545176 
0.003387733614072224 
-0.021796705831913347 
0.01478780197162053 
-0.019031076210222236 
0.05119448709904111 
-0.04317446068299046 
-0.0018705291665386838 
0.04687137396358761 
-0.0012284495923869756 
0.019290833238859547 
-0.07145437673906717 
-0.0052539822146862375 
0.018987732473032006 
-0.07983211342747742 
-0.018170247443080684 
0.019119875063932174 
-0.012124876642046676 
0.020625996522219574 
0.00984270374226342 
-0.06915415545028901 
4.1783690221001285E-4 
0.06269794461824431 
-0.002887382201163742 
-0.006796197157227745 
-0.039652907128382285 
-0.008186859660159715 
0.0192769269014585 
0.010685391456376767 
0.04287737280130634 
-3.472270036221013E-4 
-0.0774417802913573 
-0.029982978753660024 
-0.007715369123239152 
-0.026127978215423862 
0.027273453201811283 
-0.014556117595997535 
-0.017697591710066508 
0.023440874821699216 
-0.014820636085461764 
0.01458178970989754 
-0.0011905516447511374 
-0.053524145230600666 
-0.012938899108103868 
-0.001861327348880158 
-0.027567133939405613 
-0.020201917952497508 
-0.007838511612846627 
0.0351092416816342 
-0.05833026180831795 
-0.005733976504373993 
-0.01817606839560973 
-0.011591490507909731 
-0.033486207011836994 
0.03694304187273388 
0.021090028836155794 
-0.03491601112542073 
0.08234605275641078 
-0.07309082833931393 
-0.005667236441795988 
0.06425594503924718 
0.019605447552732413 
-0.05903932210326017 
-0.010708295840483235 
0.0032026875253159718 
0.026457105863210404 
-0.027552496923502458 
0.06596394615074949 
-0.0291335138763837 
-0.004557013476134103 
-0.05894447009848559 
0.04443500975701767 
0.02649596032855686 
-0.001953534920843392 
0.003893662091185445 
-0.012674415666600375 
-0.020532881064631598 
-0.008936471879018412 
0.012044810744381086 
0.07142084304843445 
0.06984840954224404 
0.011956089751246153 
-0.023489959063648085 
0.004061994694130434 
-0.04482401545319661 
0.013885714890728753 
0.0022378486739028027 
0.012787914375721292 
0.04059513219807097 
0.0076275463612822435 
-0.008261500876938065 
-0.025694448802460017 
-0.005596249072146316 
-0.005131717966068014 
0.016496824943681335 
0.018107298499636548 
-0.09979624321960798 
-0.003920498529048323 
-0.06328190880648281 
-0.003434280547652594 
-0.020104351106322624 
0.036735096223678355 
-9.412651717802193E-4 
-0.02741255289037144 
0.025271480318883717 
-0.026006204061205896 
0.06690075762350915 
0.06882362444167385 
-0.03867087455613892 
0.00484407199316813 
-0.014650871428778795 
0.01649475663914571 
-0.024994432423885986 
-0.04501015990534745 
-0.013160355653320242 
0.0028014768951032266 
0.018304920661434163 
-0.007381126280523016 
-0.003426510532838162 
0.03571485148950046 
0.035681368270140824 
0.014213069233582008 
-0.02579517623248106 
0.025027337075807204 
-0.03473819707732467 
-0.05059701314292604 
0.0340738955560906 
0.013552573806570833 
0.05056851377473733 
-0.02661140361150749 
-0.007054018693459925 
0.007423367254883049 
0.00849091270262342 
0.002326668011067059 
-0.0038164653002278125 
0.011148964398880351 
-0.02998658486724467 
0.05557052180911075 
-0.01430277903814081 
3.0146200733438276E-5 
0.05303864894792757 
0.004086786004832877 
0.02516331995632537 
-0.009547349030772194 
0.0035654937092985976 
-0.030852301528042712 
-0.007779981942828194 
-0.004404707857991693 
-0.007539468673131417 
-0.05133836892780728 
-0.01653577306817263 
-0.02683600752626012 
0.015968797011281365 
0.051359121638786975 
0.027755074644404944 
0.00316564267717316 
0.022806673004489183 
0.001932032292480407 
0.03734449898731007 
-0.02519476186874335 
-0.03609051705629456 
-0.025620261286499055 
0.028043873518881685 
0.06884570944089774 
-0.02085875371828592 
-0.006201947067547945 
-0.01899009342174469 
0.005622431739047246 
0.00304284926060472 
0.01316141534205368 
-0.004483837551439585 
-0.038157883532579075 
0.025633312270881007 
0.01934989110414158 
-0.04859902077250271 
-0.026598058842034197 
-0.002460158721772718 
-0.026413747608111365 
0.022560730909543067 
-0.005106344678108631 
0.03607620185971285 
-0.016362403053750068 
0.05603857804836943 
0.03619533344964688 
-0.042315943552323945 
0.03079984229094605 
0.02309358885791693 
0.051219208117684836 
0.020770673777773 
0.028464631931942763 
0.049319058923909344 
-0.033202732201422246 
-0.012240433494350146 
0.0745837823701866 
-0.04805303452557388 
0.025506569672586434 
0.038222412494535334 
-0.03224268589030713 
-0.00938993874215289 
-0.021854109864806726 
-0.05093825982702385 
-0.02286691465628505 
-0.005622692919416277 
-0.0315351560050317 
-0.04345104486193441 
0.0332529756639847 
-0.04055210996817114 
0.01165523112017953 
0.04938215110674584 
0.04287055307470568 
0.01353585364336585 
0.018422373742346943 
-0.04065860411772354 
-0.003985029406813427 
0.010723190926815392 
-0.04909125807443927 
0.0347733117632612 
-0.0022298474296582904 
0.018675450175199473 
-0.03254002388298895 
0.04783317846068233 
-0.009377748017151095 
-0.0121597610060618 
0.034395106303380565 
0.03883320532984155 
-0.010135562636823353 
-0.025706779920840507 
0.05512195139931092 
-0.001492613951416547 
-0.0070369155298429685 
-0.027845676064316788 
0.03600062443308105 
0.0052890019812006465 
-0.08087600362060245 
0.0018602669208650612 
0.05346364465336007 
0.04713608240602398 
-0.06214813753629067 
0.025754044001191197 
-0.060616178775382286 
0.02386569891331364 
0.025425438049542694 
-0.011499172803485903 
0.029832891602919877 
-0.009718514464496392 
0.02200123440148622 
0.038579237900077286 
-0.05411274420358722 
0.0012591326711030003 
0.026978993729021558 
-0.04122300886575385 
-0.03670888079322378 
-0.03646088974601808 
0.01174103140766637 
0.013380289997722962 
-0.011655464021541464 
-0.024023381979012416 
-0.04960806784624268 
-0.05077005791825665 
0.05133275881145127 
-0.017125135935429744 
-0.010754985726896819 
0.09951437954781465 
0.031247837884788205 
-0.049306436035470226 
0.011476277997638645 
0.04451390133971013 
-0.009732490703594816 
-0.003095811574913936 
0.026105632712984467 
-0.042431082179092874 
-0.013694668610935296 
-0.026240258874513377 
0.06405999907750644 
0.042532819746395265 
-0.033952637640668235 
0.04202350681261296 
-0.021466259205500042 
0.05265675361721424 
-0.03457143311805341 
0.015255476800891479 
-0.01446486303590373 
0.039439614626010866 
0.002752034534872608 
-0.005855193998525537 
-0.05420294914802387 
-0.029973242572915327 
0.03976740768805267 
-0.021621171059100455 
0.02108645609012565 
-0.024986696611206366 
0.019008016632596544 
-0.04803622403470609 
0.06746256357787246 
-0.017774368358193397 
-0.04209733992427586 
-0.09534488421866744 
0.0020491025453558288 
0.011900088289835034 
-0.016072221102730665 
0.008278969960738725 
-0.04825763718160567 
0.03929295879505236 
0.026391434284097424 
0.04545420330021304 
0.04748811186269788 
0.05466472360579881 
-0.010362812541555676 
0.06191932889337294 
0.062221243227900506 
0.034976221333079545 
0.03189591325397566 
-0.052570309945099244 
-0.034156040298710486 
0.012291054864624222 
0.013858750925536784 
0.04966015482652583 
0.02936231398622746 
0.046453494741797344 
-0.012230068370248594 
0.019532823894259765 
0.015137543721488012 
-0.04793787403398891 
0.033433462711234596 
0.025162026985131595 
0.06034867376141384 
0.03323424477322087 
-0.029531303599403924 
-0.006569051274718665 
0.007271271284740943 
-0.00585033980293507 
0.01883999559104946 
-0.04151800870951024 
8.726556111019038E-4 
0.012940607742398004 
-0.06935875148412336 
0.02249904682116036 
-0.011087956610297428 
0.010208812374376484 
-0.024862235251716387 
-0.02396492245425726 
-0.016293027224304694 
0.041004569912319995 
0.004976188635286556 
0.05960040871146267 
-0.007522121281007032 
0.03216491156983196 
0.04875032782637336 
0.06385934830993742 
-0.015893914072913188 
-0.06287570460616963 
-0.04194859585059701 
-0.04164007431101351 
-2.9131272981845627E-4 
0.018323185400756347 
-0.008138518354908975 
-0.01167943638658633 
0.01909336574782986 
0.007109766567132778 
0.02296250730125461 
-0.03773433085486267 
-0.008688901192013742 
0.001329716951326147 
-0.012396618643364901 
-0.0018918770782037104 
0.005613482778857405 
0.055662455695106694 
-0.026705563449418056 
0.04246104591763226 
-0.011154952469377704 
-0.015083280215900524 
0.004912078923641113 
0.028070516497349325 
-0.02840489683324018 
0.017115735355302017 
-0.03593878105543697 
-0.03825673634033304 
-8.127259840469479E-4 
0.020831090920829284 
-0.0609563417077316 
0.008057650034335983 
0.01886794609890159 
-0.051976903703466464 
0.01506084116313672 
0.051182776246191726 
0.1177158021929423 
-0.051966435596075125 
-0.022064252135903614 
-0.028626878197884245 
0.016586697877609993 
-0.022299997386625414 
0.0352759998771962 
-0.0015813827509223613 
0.022877787655890536 
0.005200863654537728 
0.01641930207853865 
0.012696001137478138 
0.07783812617220255 
-0.04827804325673903 
-0.009290176727991477 
0.001106575579128679 
-0.01933893133805697 
0.028169776072601505 
-0.07742507568322514 
0.003045272694285891 
0.0363107123535235 
0.022741164811809655 
0.005740431077863897 
-0.02429507189190256 
-0.027094232155098995 
0.019977662049389555 
-0.03997275301766967 
-0.03946302557105054 
-0.002987595728159236 
0.05237005808893601 
0.08051915576574249 
0.02383631609538329 
0.05176635559566649 
0.020658931007981374 
0.01158829245066139 
-0.018813632367253884 
0.026431171859942253 
0.017567643007380892 
0.032372259204431264 
0.007939306399747778 
-0.063677541681536 
0.05064447080453269 
0.04822344342853403 
0.07727682897131628 
-0.0235589917861935 
-0.025698213715857215 
0.05221312810265317 
-0.13525796091135062 
-0.019303345386369106 
-0.020452544758856925 
0.03557823002385372 
-0.04678262032373767 
0.021885924323045203 
-0.002180171123993702 
-0.021001546123893194 
0.025658096661961404 
0.009492996929126583 
0.025762062336817042 
0.024654677481801387 
-0.03342603767042926 
-0.010124200127979491 
-0.03381710255886183 
-0.017320269840777572 
-0.0017013977680057682 
0.027010713153943666 
-0.018854225844650147 
-0.017029211286167068 
-1.9877952946051065E-4 
-0.0024635735233200016 
-0.010453715846795513 
0.02190318116423489 
0.005714808880128954 
0.06310081009218894 
-0.004495403941819138 
0.026337241671243457 
0.04756691224176329 
-0.027102690887924948 
-0.023532104332900563 
-0.03544065910127928 
0.02504239258040941 
-0.055588330722233736 
-0.04794085752846238 
-0.024011595213421614 
0.004173119276390128 
0.02008923395633364 
0.054454372259948404 
-0.021419307012010023 
-0.055101893427660434 
0.04415584913430298 
0.001161340789479573 
0.017113614979636493 
-0.07513937261980687 
-0.007371694006863431 
0.042593200994036066 
-0.011608174439171299 
0.02278365415918387 
-0.030625277168918868 
0.011923384872817055 
-0.004022235587355246 
-0.03528760698150278 
0.006813610444316095 
0.052213401105562385 
-0.04636197882986363 
0.012628782404685115 
0.0399550373912221 
0.016144914533619544 
-0.023826262293936265 
0.007377284433265563 
0.04685206070906899 
0.013865608467094817 
-0.035627704893723855 
0.04034341237505191 
0.030344020656911108 
-2.950271165081132E-4 
0.03718684615340121 
0.0018322650561143294 
0.01577854177750214 
0.02710556300486857 
-5.089020132804358E-5 
-0.04673832774217394 
-0.04317087553449651 
-0.03602662059281526 
-0.006015879120251383 
0.0284142959446208 
0.006542408259560624 
0.011906144439962523 
0.07020465519052123 
-0.046115561153801006 
-0.03110218484162946 
0.015339977868560978 
0.038041442470382374 
0.015566880739915977 
-0.006110729909036854 
0.004130065347153869 
0.03669395650468807 
0.0011265888049110761 
0.010645973801633044 
0.008603820119863902 
-0.0076751480166756805 
-0.010643466026057731 
0.03148592878893853 
0.06639123289331549 
-0.0268528465388111 
-0.0044753851674882205 
-0.03733247112390149 
-0.06085255770476442 
-0.030894899761778706 
0.016067488199737207 
-0.005495426168608921 
-0.0026019188081942216 
0.007054827165965676 
0.06277406391097043 
-0.05667503534693262 
0.021729465588008617 
-0.025956589098426467 
-0.005335015806350671 
0.018381894884334563 
-0.03765916137955633 
0.02012088010707406 
-0.010710309439663888 
0.013025974106581373 
0.08193631844867556 
0.021641296105154067 
0.04230207816603502 
-0.04329272551095888 
-0.009443155021803856 
-0.004330642931288933 
-0.012294863978461329 
0.03683912353840091 
0.007080485324037271 
0.02549131685626835 
-0.05532515401040812 
0.06588309860298906 
-0.013734825583127712 
-0.0298327451803417 
-0.035737674131275744 
-0.027544688948747672 
-0.015711869526200472 
-0.020586074112043617 
-0.005401366498092874 
-0.05289885060837063 
-0.003118023850270006 
-0.02645555822754258 
-5.684981469303296E-4 
-0.007922241867203797 
-0.008143975553965762 
-0.026803090771582154 
-0.007176530073770997 
0.02352930540501185 
-0.013697947669793344 
-0.00940257178477695 
-0.00929003973312535 
0.017878787379105778 
0.03983316044562116 
-0.0014740536620021115 
-0.001174723330729697 
-0.02565756644746292 
0.01070156757843133 
-0.001902308972644903 
-0.0308974894735006 
-0.04473494742279665 
0.05677097858789484 
-0.016692380252006936 
0.002568799676174201 
0.050260515018984875 
-0.010794039909799245 
0.007529775311976454 
0.01102876090214398 
-0.014344281987423692 
0.02441685150467041 
0.005661568679642632 
-0.0418355925653057 
-0.03367336512971901 
-0.005386369035562454 
-0.023236460461326 
0.07290086652157547 
0.014635858820690581 
-0.016686381488037586 
0.028797431330153462 
-0.0024655644051110198 
-0.03417307535133977 
0.03014520022979943 
0.018198837434079906 
0.032831197590271775 
-0.03782244775008122 
0.03684669342525148 
0.00832025351051778 
-0.030978558863585033 
0.06192967647899673 
-0.0401573315229652 
-0.013333099500383843 
-2.6089822883624475E-5 
-0.050005254330057605 
0.018586250967457172 
-0.039645889767792736 
0.004151558517007295 
-0.03226123152684539 
0.003712994735081711 
-0.007510257321878003 
-0.020393479178614265 
0.005766167894011309 
-0.01616538415153786 
0.0274356529035216 
-0.02113860058257723 
-0.03548620929450124 
0.014110166321222046 
0.011523325223346613 
0.00435168844020762 
-0.023737187161277 
-0.009049235273071544 
0.026766541839106164 
-0.0031392863119714108 
-0.036660803476727746 
5.9990806412835976E-5 
0.009490884787658804 
-0.06876168037807691 
-0.02441050128644026 
-0.03936665194540875 
0.020118974719061954 
0.026267326298719224 
-0.021973592235735428 
-0.0574036146418943 
5.544835176963232E-4 
